image_00000 231 269 245 296
image_00001 230 263 245 293
image_00002 230 263 245 296
image_00003 230 262 246 294
image_00004 232 262 247 295
image_00005 231 261 247 294
image_00006 230 261 248 294
image_00007 229 259 250 297
image_00008 228 259 250 298
image_00009 228 258 248 297
image_00010 227 258 250 299
image_00011 227 256 250 299
image_00012 226 258 248 296
image_00013 225 257 249 299
image_00014 225 256 249 297
image_00015 227 255 249 299
image_00016 225 255 250 299
image_00017 227 255 249 300
image_00018 223 242 264 304
image_00019 223 249 265 301
image_00020 224 244 264 303
image_00021 223 248 268 301
image_00022 222 247 263 302
image_00023 222 248 265 302
image_00024 222 246 267 303
image_00025 223 247 268 304
image_00026 222 247 268 303
image_00027 223 248 267 302
image_00028 221 247 263 303
image_00029 221 247 264 302
image_00030 238 246 264 303
image_00031 241 248 263 304
image_00032 240 247 263 305
image_00033 239 247 264 306
image_00034 242 247 264 308
image_00035 242 245 264 307
image_00036 243 245 272 309
image_00037 242 249 272 307
image_00038 243 249 271 306
image_00039 241 251 272 307
image_00040 241 251 271 309
image_00041 241 251 270 305
image_00042 240 253 270 307
image_00043 240 252 272 307
image_00044 238 239 272 307
image_00045 238 240 272 306
image_00046 238 240 271 305
image_00047 249 239 270 269
image_00048 250 241 270 269
image_00049 251 242 269 266
image_00050 253 243 269 264
image_00051 254 243 268 261
image_00052 256 242 271 267
image_00053 258 241 270 264
image_00054 256 242 271 265
image_00055 258 243 271 265
image_00056 257 243 269 264
image_00057 257 242 269 262
image_00058 257 242 269 262
image_00059 257 244 269 260
image_00060 258 241 268 260
image_00061 256 240 268 261
image_00062 259 239 268 260
image_00063 257 240 267 259
